{
 "cells": [
  {
   "cell_type": "markdown",
   "id": "48fdbc89",
   "metadata": {},
   "source": [
    "## Create 20 atomic models of a 2x2x2 MAPbI3 containing two water molecules randomly displaced and select 10 according to Farthest Point Sampling"
   ]
  },
  {
   "cell_type": "code",
   "execution_count": 1,
   "id": "ea3c7e14",
   "metadata": {},
   "outputs": [
    {
     "data": {
      "application/vnd.jupyter.widget-view+json": {
       "model_id": "0e4409c6963747c38b49aac7a89f303f",
       "version_major": 2,
       "version_minor": 0
      },
      "text/plain": []
     },
     "metadata": {},
     "output_type": "display_data"
    }
   ],
   "source": [
    "from skmatter.sample_selection import FPS\n",
    "import numpy as np\n",
    "import pandas as pd\n",
    "from numpy.linalg import norm\n",
    "from scipy.spatial.distance import pdist, squareform\n",
    "\n",
    "#from ase.io import read,write\n",
    "from ase.visualize import view,ngl\n",
    "from ase.spacegroup import crystal\n",
    "#from ase.spacegroup import Spacegroup\n",
    "from ase.data import atomic_numbers, atomic_names\n",
    "from ase import Atoms\n",
    "from ase import neighborlist\n",
    "from itertools import product\n",
    "\n",
    "import nglview as nv\n",
    "from ase.build import molecule\n",
    "\n",
    "from rascal.representations import SphericalInvariants\n",
    "#from rascal.models import Kernel"
   ]
  },
  {
   "cell_type": "markdown",
   "id": "a6a001f4",
   "metadata": {},
   "source": [
    "### add missing functions to compute SOAP descriptors checking the notebook TEST_SOAP (points:2)"
   ]
  },
  {
   "cell_type": "code",
   "execution_count": 2,
   "id": "f9d29b49",
   "metadata": {},
   "outputs": [],
   "source": [
    "def get_systems_tag(frames):\n",
    "    labels = []\n",
    "    for i, frame in enumerate(frames):\n",
    "        labels.extend([i]*len(frame))\n",
    "    return np.array(labels)\n",
    "def get_dist_mat(soaps_vectors, normalized=True):\n",
    "    distance = squareform(pdist(soaps_vectors))\n",
    "    \n",
    "    if normalized:\n",
    "        max_val=max(distance.flatten())\n",
    "\n",
    "    distance_df = pd.DataFrame(distance/max_val)\n",
    "    # Set display options to show all columns without truncation and maximum 3 decimals\n",
    "    pd.set_option('display.max_columns', None)\n",
    "    pd.set_option('display.float_format', lambda x: '%.4f' % x)\n",
    "    return distance_df\n",
    "def avg_soaps(atoms_soaps_features, frames):\n",
    "    df = pd.DataFrame(atoms_soaps_features)\n",
    "    df[\"molecule\"]=get_systems_tag(frames)\n",
    "    return df.groupby(\"molecule\").mean().values\n",
    "\n",
    "def get_kernel_mat(soaps_vectors):\n",
    "    distance = squareform(pdist(soaps_vectors))\n",
    "    # Create kernel matrix using Gaussian kernel\n",
    "    sigma = 0.5  # You can adjust the sigma value according to your requirement\n",
    "    kernel_matrix = np.exp(-distance ** 2 / (2 * sigma ** 2))\n",
    "\n",
    "    # Convert kernel matrix to a pandas DataFrame\n",
    "    kernel_matrix_df = pd.DataFrame(kernel_matrix)\n",
    "    return kernel_matrix_df"
   ]
  },
  {
   "cell_type": "code",
   "execution_count": 3,
   "id": "6b4fb562",
   "metadata": {},
   "outputs": [],
   "source": [
    "def view_structure(structure,myvec=[]):\n",
    "    t = nv.ASEStructure(structure)\n",
    "    w = nv.NGLWidget(t, gui=True)\n",
    "    w.add_unitcell()\n",
    "    w.add_ball_and_stick()\n",
    "    w.add_representation('label',label_type='atomindex',color='black')\n",
    "    w.add_representation('spacefill',selection=myvec,color=\"blue\",radius=0.5)\n",
    "    return w"
   ]
  },
  {
   "cell_type": "code",
   "execution_count": 4,
   "id": "88f36e05",
   "metadata": {},
   "outputs": [],
   "source": [
    "MAPbI3=crystal(\n",
    "    symbols=['Pb','I','I','N','C','H','H','H','H'],\n",
    "    basis=[(0.5,0,0),(0.4842,0.25,-0.0562),\n",
    "           (0.1886,0.0147,0.1844),(0.9421,0.75,0.0297),\n",
    "           (0.9372,0.25,0.0575),\n",
    "           (0.9372,0.25,0.1874),(0.8661,0.1701,0.0290),\n",
    "           (0.1275,0.1891,-0.0085),(0.9543,0.75,0.1459)\n",
    "          ],\n",
    "    spacegroup=62,\n",
    "    cellpar=[8.86574, 12.6293, 8.57689, 90, 90, 90])"
   ]
  },
  {
   "cell_type": "code",
   "execution_count": 5,
   "id": "b0c7ff51",
   "metadata": {},
   "outputs": [],
   "source": [
    "#create the 2x2x2 supercell from the unit cell\n",
    "supercell_no_h2o=MAPbI3.repeat((2,2,2))"
   ]
  },
  {
   "cell_type": "code",
   "execution_count": 6,
   "id": "9c2ef5fa",
   "metadata": {},
   "outputs": [],
   "source": [
    "#ASE instructions to initialize neighbors list\n",
    "cutOff = neighborlist.natural_cutoffs(supercell_no_h2o)\n",
    "nl = neighborlist.NeighborList(cutOff, self_interaction=False, bothways=True)\n",
    "nl.update(supercell_no_h2o)\n",
    "\n",
    "#identify NH3 molecules in the crystal\n",
    "all_N = [atom.index for atom in supercell_no_h2o if atom.symbol == 'N']\n",
    "all_H_of_N = [index for N in all_N for index in nl.get_neighbors(N)[0] if supercell_no_h2o[index].symbol == 'H'  ]\n",
    "all_nh3 = all_N + all_H_of_N"
   ]
  },
  {
   "cell_type": "code",
   "execution_count": 7,
   "id": "05120e10",
   "metadata": {},
   "outputs": [],
   "source": [
    "### Loop to generate nsamples=20 structures with random positioning of NH2O=2 water molecules"
   ]
  },
  {
   "cell_type": "code",
   "execution_count": 8,
   "id": "cb3bfef9",
   "metadata": {},
   "outputs": [
    {
     "name": "stdout",
     "output_type": "stream",
     "text": [
      "Creating sample  0\n",
      "Creating sample  1\n",
      "Creating sample  2\n",
      "Creating sample  3\n",
      "Creating sample  4\n",
      "Creating sample  5\n",
      "Creating sample  6\n",
      "Creating sample  7\n",
      "Creating sample  8\n",
      "Creating sample  9\n",
      "Creating sample  10\n",
      "Creating sample  11\n",
      "Creating sample  12\n",
      "Creating sample  13\n",
      "Creating sample  14\n",
      "Creating sample  15\n",
      "Creating sample  16\n",
      "Creating sample  17\n",
      "Creating sample  18\n",
      "Creating sample  19\n"
     ]
    }
   ],
   "source": [
    "NH2O=2\n",
    "#dmin and dmax are used to impose some constraints (e.g. distance from N atoms) \n",
    "#on the possible positioning of H2O molecules \n",
    "nsamples=20\n",
    "dmin = 1.5\n",
    "dmax = 2.5\n",
    "orig_h2o=molecule('H2O')\n",
    "#transalte the molecule to have Oxygen in (0,0,0)\n",
    "orig_h2o.translate(-1*orig_h2o.positions[0])\n",
    "samples=[]\n",
    "ns=0\n",
    "while ns < nsamples:\n",
    "    nh2o = 0\n",
    "    print(\"Creating sample \",ns)\n",
    "    supercell = supercell_no_h2o.copy()\n",
    "    while nh2o < NH2O:\n",
    "        h2o = orig_h2o.copy()\n",
    "        oldcell=supercell.copy()\n",
    "        t_vector = np.random.uniform(low=-1,high=1,size=(3))\n",
    "        t_vector = t_vector/np.linalg.norm(t_vector)\n",
    "\n",
    "        #position h2o within 1.5A---3.0A from a N atom\n",
    "        t_vector *= np.random.uniform(low=dmin,high=dmax)\n",
    "        a_random_N = all_N[np.random.randint(low=0,high=len(all_N))]\n",
    "        t_vector += supercell.positions[a_random_N]\n",
    "        \n",
    "        #random rotation of h2o\n",
    "        r_vector = np.random.uniform(low=-1,high=1,size=(3))\n",
    "        r_vector = r_vector/np.linalg.norm(r_vector)\n",
    "        rot_axis=np.random.uniform(low=-1,high=1,size=(3))\n",
    "        rot_axis = rot_axis/np.linalg.norm(rot_axis) \n",
    "        h2o.rotate(np.random.uniform(low=0,high=180),t_vector,center=(0,0,0))\n",
    "        \n",
    "        #position h2o\n",
    "        trial_h2o = h2o.copy()\n",
    "        trial_h2o.translate(t_vector)\n",
    "        supercell=supercell + trial_h2o\n",
    "        natoms=len(supercell) \n",
    "        #O of the added h2o molecule is the third last atom: supercell[-3]\n",
    "        #shortest_O_N_distances=min(supercell.get_distances(supercell[-3].index, all_N, mic=True, vector=False))\n",
    "        discard=False\n",
    "        for ih2o,j in product(range(natoms - 3,natoms), range(natoms-3)) :\n",
    "            if supercell.get_distance(ih2o,j,mic=True,vector=False) < dmin:\n",
    "                discard = True\n",
    "                break\n",
    "        if discard:\n",
    "            supercell = oldcell.copy()\n",
    "        else:\n",
    "            nh2o+=1\n",
    "    ns+=1\n",
    "    samples.append(supercell)"
   ]
  },
  {
   "cell_type": "markdown",
   "id": "b9caf13b",
   "metadata": {},
   "source": [
    "### Explain in few words what we are doing above. This does not look like a Monte Carlo procedure to add H2O molecules, what would we need for implementing MC steps? (points : 2)"
   ]
  },
  {
   "cell_type": "code",
   "execution_count": 9,
   "id": "443723e9",
   "metadata": {},
   "outputs": [],
   "source": [
    "for structure in samples:\n",
    "    structure.wrap()\n",
    "    structure.pbc=(1,1,1)"
   ]
  },
  {
   "cell_type": "code",
   "execution_count": 10,
   "id": "1c0a6423",
   "metadata": {},
   "outputs": [],
   "source": [
    "hypers = {\n",
    "    \"soap_type\":\"PowerSpectrum\",\n",
    "    \"interaction_cutoff\": 5.0,\n",
    "    \"max_radial\": 6,\n",
    "    \"max_angular\": 6,\n",
    "    \"gaussian_sigma_constant\": 0.4,\n",
    "    \"gaussian_sigma_type\":\"Constant\",\n",
    "    \"cutoff_smooth_width\":0.5,\n",
    "    \"radial_basis\": \"GTO\",\n",
    "    \"cutoff_function_type\": \"ShiftedCosine\",\n",
    "    \"cutoff_function_parameters\":{\"width\": 0.5},\n",
    "    \"global_species\":[1,6,7,53,82]\n",
    "    }\n",
    "soap = SphericalInvariants(**hypers)"
   ]
  },
  {
   "cell_type": "code",
   "execution_count": 11,
   "id": "3a031ae5",
   "metadata": {},
   "outputs": [],
   "source": [
    "soap_rep = soap.transform(samples)"
   ]
  },
  {
   "cell_type": "markdown",
   "id": "cdfa1ddc",
   "metadata": {},
   "source": [
    "### Function to perform FPS using distance matrix)"
   ]
  },
  {
   "cell_type": "code",
   "execution_count": 12,
   "id": "f1f63091",
   "metadata": {},
   "outputs": [],
   "source": [
    "def FPS(Dmatrix, n=0, idx=None):\n",
    "    \"\"\"\n",
    "        Does Farthest Point Selection on a set of points X\n",
    "        Adapted from a routine by Michele Ceriotti\n",
    "    \"\"\"\n",
    "    N = Dmatrix.shape[0]\n",
    "\n",
    "    # If desired number of points less than or equal to zero,\n",
    "    # select all points\n",
    "    if n <= 0:\n",
    "        n = N\n",
    "\n",
    "    # Initialize arrays to store distances and indices\n",
    "    fps_idxs = np.zeros(n, dtype=np.int32)\n",
    "    d = np.zeros(n)\n",
    "\n",
    "    if idx is None:\n",
    "        # Pick first point at random\n",
    "        idx = np.random.randint(0, N)\n",
    "    fps_idxs[0] = idx\n",
    "\n",
    "    # Compute distance from all points to the first point\n",
    "    d1 = Dmatrix[idx]   #np.linalg.norm(X - X[idx], axis=1)**2\n",
    "    # Loop over the remaining points...\n",
    "    for i in range(1, n):\n",
    "\n",
    "        # Get maximum distance and corresponding point\n",
    "        fps_idxs[i] = np.argmax(d1)\n",
    "        d[i - 1] = np.amax(d1)\n",
    "\n",
    "        # Compute distance from all points to the selected point\n",
    "        d2 =  Dmatrix[fps_idxs[i]]\n",
    "\n",
    "        # Set distances to minimum among the last two selected points\n",
    "        d1 = np.minimum(d1, d2)\n",
    "\n",
    "        if d1.max() == 0.0:\n",
    "            print(\"Only {} FPS Possible\".format(i))\n",
    "            return fps_idxs[:i], d[:i]\n",
    "\n",
    "    return fps_idxs"
   ]
  },
  {
   "cell_type": "markdown",
   "id": "4f3c0039",
   "metadata": {},
   "source": [
    "### explain in few words how we use the distance matrix to do FPS (points: 2)"
   ]
  },
  {
   "cell_type": "code",
   "execution_count": null,
   "id": "40aab8e2",
   "metadata": {},
   "outputs": [],
   "source": []
  },
  {
   "cell_type": "code",
   "execution_count": 13,
   "id": "5a0290f2",
   "metadata": {},
   "outputs": [],
   "source": [
    "#compute vector of SOAP features\n",
    "#group SOAP vectors by molecule and compute average kernel\n",
    "X=soap_rep.get_features(soap)\n",
    "avg_soap_samples=avg_soaps(X, samples)\n",
    "#compute distance matrix (to )\n",
    "DistMat=get_dist_mat(avg_soap_samples)"
   ]
  },
  {
   "cell_type": "code",
   "execution_count": 14,
   "id": "99c85994",
   "metadata": {},
   "outputs": [
    {
     "data": {
      "text/plain": [
       "array([ 7,  4,  8, 13, 12,  9,  6,  2, 16,  3], dtype=int32)"
      ]
     },
     "execution_count": 14,
     "metadata": {},
     "output_type": "execute_result"
    }
   ],
   "source": [
    "#DistMat.values returns the numpy array for the Distance Matrix that was embedded in a pandas object\n",
    "FPS(DistMat.values,n=10,idx=None)"
   ]
  },
  {
   "cell_type": "code",
   "execution_count": 15,
   "id": "4ee4065d",
   "metadata": {},
   "outputs": [
    {
     "data": {
      "text/html": [
       "<div>\n",
       "<style scoped>\n",
       "    .dataframe tbody tr th:only-of-type {\n",
       "        vertical-align: middle;\n",
       "    }\n",
       "\n",
       "    .dataframe tbody tr th {\n",
       "        vertical-align: top;\n",
       "    }\n",
       "\n",
       "    .dataframe thead th {\n",
       "        text-align: right;\n",
       "    }\n",
       "</style>\n",
       "<table border=\"1\" class=\"dataframe\">\n",
       "  <thead>\n",
       "    <tr style=\"text-align: right;\">\n",
       "      <th></th>\n",
       "      <th>0</th>\n",
       "      <th>1</th>\n",
       "      <th>2</th>\n",
       "      <th>3</th>\n",
       "      <th>4</th>\n",
       "      <th>5</th>\n",
       "      <th>6</th>\n",
       "      <th>7</th>\n",
       "      <th>8</th>\n",
       "      <th>9</th>\n",
       "      <th>10</th>\n",
       "      <th>11</th>\n",
       "      <th>12</th>\n",
       "      <th>13</th>\n",
       "      <th>14</th>\n",
       "      <th>15</th>\n",
       "      <th>16</th>\n",
       "      <th>17</th>\n",
       "      <th>18</th>\n",
       "      <th>19</th>\n",
       "    </tr>\n",
       "  </thead>\n",
       "  <tbody>\n",
       "    <tr>\n",
       "      <th>0</th>\n",
       "      <td>0.0000</td>\n",
       "      <td>0.5459</td>\n",
       "      <td>0.6790</td>\n",
       "      <td>0.5784</td>\n",
       "      <td>0.4689</td>\n",
       "      <td>0.5878</td>\n",
       "      <td>0.7486</td>\n",
       "      <td>0.6337</td>\n",
       "      <td>0.6204</td>\n",
       "      <td>0.5239</td>\n",
       "      <td>0.7338</td>\n",
       "      <td>0.4598</td>\n",
       "      <td>0.8838</td>\n",
       "      <td>0.4691</td>\n",
       "      <td>0.6444</td>\n",
       "      <td>0.6846</td>\n",
       "      <td>0.8097</td>\n",
       "      <td>0.4975</td>\n",
       "      <td>0.7439</td>\n",
       "      <td>0.4616</td>\n",
       "    </tr>\n",
       "    <tr>\n",
       "      <th>1</th>\n",
       "      <td>0.5459</td>\n",
       "      <td>0.0000</td>\n",
       "      <td>0.4114</td>\n",
       "      <td>0.5643</td>\n",
       "      <td>0.7601</td>\n",
       "      <td>0.5586</td>\n",
       "      <td>0.7355</td>\n",
       "      <td>0.3795</td>\n",
       "      <td>0.7608</td>\n",
       "      <td>0.5772</td>\n",
       "      <td>0.5566</td>\n",
       "      <td>0.4644</td>\n",
       "      <td>0.6191</td>\n",
       "      <td>0.5664</td>\n",
       "      <td>0.3686</td>\n",
       "      <td>0.5895</td>\n",
       "      <td>0.6015</td>\n",
       "      <td>0.4855</td>\n",
       "      <td>0.5013</td>\n",
       "      <td>0.4861</td>\n",
       "    </tr>\n",
       "    <tr>\n",
       "      <th>2</th>\n",
       "      <td>0.6790</td>\n",
       "      <td>0.4114</td>\n",
       "      <td>0.0000</td>\n",
       "      <td>0.6803</td>\n",
       "      <td>0.8117</td>\n",
       "      <td>0.7590</td>\n",
       "      <td>0.9124</td>\n",
       "      <td>0.5208</td>\n",
       "      <td>0.9044</td>\n",
       "      <td>0.5431</td>\n",
       "      <td>0.7458</td>\n",
       "      <td>0.5719</td>\n",
       "      <td>0.7048</td>\n",
       "      <td>0.6969</td>\n",
       "      <td>0.5798</td>\n",
       "      <td>0.7504</td>\n",
       "      <td>0.8234</td>\n",
       "      <td>0.6228</td>\n",
       "      <td>0.6103</td>\n",
       "      <td>0.5474</td>\n",
       "    </tr>\n",
       "    <tr>\n",
       "      <th>3</th>\n",
       "      <td>0.5784</td>\n",
       "      <td>0.5643</td>\n",
       "      <td>0.6803</td>\n",
       "      <td>0.0000</td>\n",
       "      <td>0.6681</td>\n",
       "      <td>0.5940</td>\n",
       "      <td>0.4750</td>\n",
       "      <td>0.5075</td>\n",
       "      <td>0.5455</td>\n",
       "      <td>0.4972</td>\n",
       "      <td>0.6059</td>\n",
       "      <td>0.4927</td>\n",
       "      <td>0.6546</td>\n",
       "      <td>0.5093</td>\n",
       "      <td>0.5511</td>\n",
       "      <td>0.4358</td>\n",
       "      <td>0.6675</td>\n",
       "      <td>0.3677</td>\n",
       "      <td>0.5715</td>\n",
       "      <td>0.5228</td>\n",
       "    </tr>\n",
       "    <tr>\n",
       "      <th>4</th>\n",
       "      <td>0.4689</td>\n",
       "      <td>0.7601</td>\n",
       "      <td>0.8117</td>\n",
       "      <td>0.6681</td>\n",
       "      <td>0.0000</td>\n",
       "      <td>0.7602</td>\n",
       "      <td>0.8943</td>\n",
       "      <td>0.7898</td>\n",
       "      <td>0.6297</td>\n",
       "      <td>0.5625</td>\n",
       "      <td>0.9004</td>\n",
       "      <td>0.6188</td>\n",
       "      <td>1.0000</td>\n",
       "      <td>0.6535</td>\n",
       "      <td>0.8130</td>\n",
       "      <td>0.8608</td>\n",
       "      <td>0.9948</td>\n",
       "      <td>0.6168</td>\n",
       "      <td>0.9495</td>\n",
       "      <td>0.5804</td>\n",
       "    </tr>\n",
       "    <tr>\n",
       "      <th>5</th>\n",
       "      <td>0.5878</td>\n",
       "      <td>0.5586</td>\n",
       "      <td>0.7590</td>\n",
       "      <td>0.5940</td>\n",
       "      <td>0.7602</td>\n",
       "      <td>0.0000</td>\n",
       "      <td>0.5152</td>\n",
       "      <td>0.4681</td>\n",
       "      <td>0.5729</td>\n",
       "      <td>0.7154</td>\n",
       "      <td>0.4553</td>\n",
       "      <td>0.5201</td>\n",
       "      <td>0.7557</td>\n",
       "      <td>0.5420</td>\n",
       "      <td>0.4100</td>\n",
       "      <td>0.4530</td>\n",
       "      <td>0.4310</td>\n",
       "      <td>0.5482</td>\n",
       "      <td>0.6319</td>\n",
       "      <td>0.4654</td>\n",
       "    </tr>\n",
       "    <tr>\n",
       "      <th>6</th>\n",
       "      <td>0.7486</td>\n",
       "      <td>0.7355</td>\n",
       "      <td>0.9124</td>\n",
       "      <td>0.4750</td>\n",
       "      <td>0.8943</td>\n",
       "      <td>0.5152</td>\n",
       "      <td>0.0000</td>\n",
       "      <td>0.5821</td>\n",
       "      <td>0.5279</td>\n",
       "      <td>0.7395</td>\n",
       "      <td>0.4719</td>\n",
       "      <td>0.6227</td>\n",
       "      <td>0.7101</td>\n",
       "      <td>0.5788</td>\n",
       "      <td>0.5684</td>\n",
       "      <td>0.2854</td>\n",
       "      <td>0.4761</td>\n",
       "      <td>0.4902</td>\n",
       "      <td>0.5810</td>\n",
       "      <td>0.6457</td>\n",
       "    </tr>\n",
       "    <tr>\n",
       "      <th>7</th>\n",
       "      <td>0.6337</td>\n",
       "      <td>0.3795</td>\n",
       "      <td>0.5208</td>\n",
       "      <td>0.5075</td>\n",
       "      <td>0.7898</td>\n",
       "      <td>0.4681</td>\n",
       "      <td>0.5821</td>\n",
       "      <td>0.0000</td>\n",
       "      <td>0.6508</td>\n",
       "      <td>0.6385</td>\n",
       "      <td>0.4198</td>\n",
       "      <td>0.5403</td>\n",
       "      <td>0.5729</td>\n",
       "      <td>0.5796</td>\n",
       "      <td>0.3018</td>\n",
       "      <td>0.4007</td>\n",
       "      <td>0.5171</td>\n",
       "      <td>0.4641</td>\n",
       "      <td>0.4960</td>\n",
       "      <td>0.4567</td>\n",
       "    </tr>\n",
       "    <tr>\n",
       "      <th>8</th>\n",
       "      <td>0.6204</td>\n",
       "      <td>0.7608</td>\n",
       "      <td>0.9044</td>\n",
       "      <td>0.5455</td>\n",
       "      <td>0.6297</td>\n",
       "      <td>0.5729</td>\n",
       "      <td>0.5279</td>\n",
       "      <td>0.6508</td>\n",
       "      <td>0.0000</td>\n",
       "      <td>0.6398</td>\n",
       "      <td>0.6515</td>\n",
       "      <td>0.6737</td>\n",
       "      <td>0.9447</td>\n",
       "      <td>0.6922</td>\n",
       "      <td>0.7145</td>\n",
       "      <td>0.5232</td>\n",
       "      <td>0.7363</td>\n",
       "      <td>0.5412</td>\n",
       "      <td>0.8494</td>\n",
       "      <td>0.5524</td>\n",
       "    </tr>\n",
       "    <tr>\n",
       "      <th>9</th>\n",
       "      <td>0.5239</td>\n",
       "      <td>0.5772</td>\n",
       "      <td>0.5431</td>\n",
       "      <td>0.4972</td>\n",
       "      <td>0.5625</td>\n",
       "      <td>0.7154</td>\n",
       "      <td>0.7395</td>\n",
       "      <td>0.6385</td>\n",
       "      <td>0.6398</td>\n",
       "      <td>0.0000</td>\n",
       "      <td>0.7017</td>\n",
       "      <td>0.4389</td>\n",
       "      <td>0.7507</td>\n",
       "      <td>0.5693</td>\n",
       "      <td>0.6580</td>\n",
       "      <td>0.6833</td>\n",
       "      <td>0.8157</td>\n",
       "      <td>0.4156</td>\n",
       "      <td>0.6611</td>\n",
       "      <td>0.4776</td>\n",
       "    </tr>\n",
       "    <tr>\n",
       "      <th>10</th>\n",
       "      <td>0.7338</td>\n",
       "      <td>0.5566</td>\n",
       "      <td>0.7458</td>\n",
       "      <td>0.6059</td>\n",
       "      <td>0.9004</td>\n",
       "      <td>0.4553</td>\n",
       "      <td>0.4719</td>\n",
       "      <td>0.4198</td>\n",
       "      <td>0.6515</td>\n",
       "      <td>0.7017</td>\n",
       "      <td>0.0000</td>\n",
       "      <td>0.5858</td>\n",
       "      <td>0.5480</td>\n",
       "      <td>0.5822</td>\n",
       "      <td>0.3399</td>\n",
       "      <td>0.4118</td>\n",
       "      <td>0.3165</td>\n",
       "      <td>0.4538</td>\n",
       "      <td>0.4589</td>\n",
       "      <td>0.5802</td>\n",
       "    </tr>\n",
       "    <tr>\n",
       "      <th>11</th>\n",
       "      <td>0.4598</td>\n",
       "      <td>0.4644</td>\n",
       "      <td>0.5719</td>\n",
       "      <td>0.4927</td>\n",
       "      <td>0.6188</td>\n",
       "      <td>0.5201</td>\n",
       "      <td>0.6227</td>\n",
       "      <td>0.5403</td>\n",
       "      <td>0.6737</td>\n",
       "      <td>0.4389</td>\n",
       "      <td>0.5858</td>\n",
       "      <td>0.0000</td>\n",
       "      <td>0.6906</td>\n",
       "      <td>0.3930</td>\n",
       "      <td>0.4790</td>\n",
       "      <td>0.5722</td>\n",
       "      <td>0.6303</td>\n",
       "      <td>0.4065</td>\n",
       "      <td>0.5271</td>\n",
       "      <td>0.3828</td>\n",
       "    </tr>\n",
       "    <tr>\n",
       "      <th>12</th>\n",
       "      <td>0.8838</td>\n",
       "      <td>0.6191</td>\n",
       "      <td>0.7048</td>\n",
       "      <td>0.6546</td>\n",
       "      <td>1.0000</td>\n",
       "      <td>0.7557</td>\n",
       "      <td>0.7101</td>\n",
       "      <td>0.5729</td>\n",
       "      <td>0.9447</td>\n",
       "      <td>0.7507</td>\n",
       "      <td>0.5480</td>\n",
       "      <td>0.6906</td>\n",
       "      <td>0.0000</td>\n",
       "      <td>0.6559</td>\n",
       "      <td>0.4902</td>\n",
       "      <td>0.6734</td>\n",
       "      <td>0.5694</td>\n",
       "      <td>0.5602</td>\n",
       "      <td>0.3942</td>\n",
       "      <td>0.7946</td>\n",
       "    </tr>\n",
       "    <tr>\n",
       "      <th>13</th>\n",
       "      <td>0.4691</td>\n",
       "      <td>0.5664</td>\n",
       "      <td>0.6969</td>\n",
       "      <td>0.5093</td>\n",
       "      <td>0.6535</td>\n",
       "      <td>0.5420</td>\n",
       "      <td>0.5788</td>\n",
       "      <td>0.5796</td>\n",
       "      <td>0.6922</td>\n",
       "      <td>0.5693</td>\n",
       "      <td>0.5822</td>\n",
       "      <td>0.3930</td>\n",
       "      <td>0.6559</td>\n",
       "      <td>0.0000</td>\n",
       "      <td>0.5207</td>\n",
       "      <td>0.5794</td>\n",
       "      <td>0.6501</td>\n",
       "      <td>0.3620</td>\n",
       "      <td>0.4532</td>\n",
       "      <td>0.5114</td>\n",
       "    </tr>\n",
       "    <tr>\n",
       "      <th>14</th>\n",
       "      <td>0.6444</td>\n",
       "      <td>0.3686</td>\n",
       "      <td>0.5798</td>\n",
       "      <td>0.5511</td>\n",
       "      <td>0.8130</td>\n",
       "      <td>0.4100</td>\n",
       "      <td>0.5684</td>\n",
       "      <td>0.3018</td>\n",
       "      <td>0.7145</td>\n",
       "      <td>0.6580</td>\n",
       "      <td>0.3399</td>\n",
       "      <td>0.4790</td>\n",
       "      <td>0.4902</td>\n",
       "      <td>0.5207</td>\n",
       "      <td>0.0000</td>\n",
       "      <td>0.4580</td>\n",
       "      <td>0.3716</td>\n",
       "      <td>0.4535</td>\n",
       "      <td>0.4150</td>\n",
       "      <td>0.5003</td>\n",
       "    </tr>\n",
       "    <tr>\n",
       "      <th>15</th>\n",
       "      <td>0.6846</td>\n",
       "      <td>0.5895</td>\n",
       "      <td>0.7504</td>\n",
       "      <td>0.4358</td>\n",
       "      <td>0.8608</td>\n",
       "      <td>0.4530</td>\n",
       "      <td>0.2854</td>\n",
       "      <td>0.4007</td>\n",
       "      <td>0.5232</td>\n",
       "      <td>0.6833</td>\n",
       "      <td>0.4118</td>\n",
       "      <td>0.5722</td>\n",
       "      <td>0.6734</td>\n",
       "      <td>0.5794</td>\n",
       "      <td>0.4580</td>\n",
       "      <td>0.0000</td>\n",
       "      <td>0.4557</td>\n",
       "      <td>0.4655</td>\n",
       "      <td>0.5208</td>\n",
       "      <td>0.5406</td>\n",
       "    </tr>\n",
       "    <tr>\n",
       "      <th>16</th>\n",
       "      <td>0.8097</td>\n",
       "      <td>0.6015</td>\n",
       "      <td>0.8234</td>\n",
       "      <td>0.6675</td>\n",
       "      <td>0.9948</td>\n",
       "      <td>0.4310</td>\n",
       "      <td>0.4761</td>\n",
       "      <td>0.5171</td>\n",
       "      <td>0.7363</td>\n",
       "      <td>0.8157</td>\n",
       "      <td>0.3165</td>\n",
       "      <td>0.6303</td>\n",
       "      <td>0.5694</td>\n",
       "      <td>0.6501</td>\n",
       "      <td>0.3716</td>\n",
       "      <td>0.4557</td>\n",
       "      <td>0.0000</td>\n",
       "      <td>0.5861</td>\n",
       "      <td>0.5024</td>\n",
       "      <td>0.6858</td>\n",
       "    </tr>\n",
       "    <tr>\n",
       "      <th>17</th>\n",
       "      <td>0.4975</td>\n",
       "      <td>0.4855</td>\n",
       "      <td>0.6228</td>\n",
       "      <td>0.3677</td>\n",
       "      <td>0.6168</td>\n",
       "      <td>0.5482</td>\n",
       "      <td>0.4902</td>\n",
       "      <td>0.4641</td>\n",
       "      <td>0.5412</td>\n",
       "      <td>0.4156</td>\n",
       "      <td>0.4538</td>\n",
       "      <td>0.4065</td>\n",
       "      <td>0.5602</td>\n",
       "      <td>0.3620</td>\n",
       "      <td>0.4535</td>\n",
       "      <td>0.4655</td>\n",
       "      <td>0.5861</td>\n",
       "      <td>0.0000</td>\n",
       "      <td>0.4581</td>\n",
       "      <td>0.4639</td>\n",
       "    </tr>\n",
       "    <tr>\n",
       "      <th>18</th>\n",
       "      <td>0.7439</td>\n",
       "      <td>0.5013</td>\n",
       "      <td>0.6103</td>\n",
       "      <td>0.5715</td>\n",
       "      <td>0.9495</td>\n",
       "      <td>0.6319</td>\n",
       "      <td>0.5810</td>\n",
       "      <td>0.4960</td>\n",
       "      <td>0.8494</td>\n",
       "      <td>0.6611</td>\n",
       "      <td>0.4589</td>\n",
       "      <td>0.5271</td>\n",
       "      <td>0.3942</td>\n",
       "      <td>0.4532</td>\n",
       "      <td>0.4150</td>\n",
       "      <td>0.5208</td>\n",
       "      <td>0.5024</td>\n",
       "      <td>0.4581</td>\n",
       "      <td>0.0000</td>\n",
       "      <td>0.6525</td>\n",
       "    </tr>\n",
       "    <tr>\n",
       "      <th>19</th>\n",
       "      <td>0.4616</td>\n",
       "      <td>0.4861</td>\n",
       "      <td>0.5474</td>\n",
       "      <td>0.5228</td>\n",
       "      <td>0.5804</td>\n",
       "      <td>0.4654</td>\n",
       "      <td>0.6457</td>\n",
       "      <td>0.4567</td>\n",
       "      <td>0.5524</td>\n",
       "      <td>0.4776</td>\n",
       "      <td>0.5802</td>\n",
       "      <td>0.3828</td>\n",
       "      <td>0.7946</td>\n",
       "      <td>0.5114</td>\n",
       "      <td>0.5003</td>\n",
       "      <td>0.5406</td>\n",
       "      <td>0.6858</td>\n",
       "      <td>0.4639</td>\n",
       "      <td>0.6525</td>\n",
       "      <td>0.0000</td>\n",
       "    </tr>\n",
       "  </tbody>\n",
       "</table>\n",
       "</div>"
      ],
      "text/plain": [
       "       0      1      2      3      4      5      6      7      8      9   \\\n",
       "0  0.0000 0.5459 0.6790 0.5784 0.4689 0.5878 0.7486 0.6337 0.6204 0.5239   \n",
       "1  0.5459 0.0000 0.4114 0.5643 0.7601 0.5586 0.7355 0.3795 0.7608 0.5772   \n",
       "2  0.6790 0.4114 0.0000 0.6803 0.8117 0.7590 0.9124 0.5208 0.9044 0.5431   \n",
       "3  0.5784 0.5643 0.6803 0.0000 0.6681 0.5940 0.4750 0.5075 0.5455 0.4972   \n",
       "4  0.4689 0.7601 0.8117 0.6681 0.0000 0.7602 0.8943 0.7898 0.6297 0.5625   \n",
       "5  0.5878 0.5586 0.7590 0.5940 0.7602 0.0000 0.5152 0.4681 0.5729 0.7154   \n",
       "6  0.7486 0.7355 0.9124 0.4750 0.8943 0.5152 0.0000 0.5821 0.5279 0.7395   \n",
       "7  0.6337 0.3795 0.5208 0.5075 0.7898 0.4681 0.5821 0.0000 0.6508 0.6385   \n",
       "8  0.6204 0.7608 0.9044 0.5455 0.6297 0.5729 0.5279 0.6508 0.0000 0.6398   \n",
       "9  0.5239 0.5772 0.5431 0.4972 0.5625 0.7154 0.7395 0.6385 0.6398 0.0000   \n",
       "10 0.7338 0.5566 0.7458 0.6059 0.9004 0.4553 0.4719 0.4198 0.6515 0.7017   \n",
       "11 0.4598 0.4644 0.5719 0.4927 0.6188 0.5201 0.6227 0.5403 0.6737 0.4389   \n",
       "12 0.8838 0.6191 0.7048 0.6546 1.0000 0.7557 0.7101 0.5729 0.9447 0.7507   \n",
       "13 0.4691 0.5664 0.6969 0.5093 0.6535 0.5420 0.5788 0.5796 0.6922 0.5693   \n",
       "14 0.6444 0.3686 0.5798 0.5511 0.8130 0.4100 0.5684 0.3018 0.7145 0.6580   \n",
       "15 0.6846 0.5895 0.7504 0.4358 0.8608 0.4530 0.2854 0.4007 0.5232 0.6833   \n",
       "16 0.8097 0.6015 0.8234 0.6675 0.9948 0.4310 0.4761 0.5171 0.7363 0.8157   \n",
       "17 0.4975 0.4855 0.6228 0.3677 0.6168 0.5482 0.4902 0.4641 0.5412 0.4156   \n",
       "18 0.7439 0.5013 0.6103 0.5715 0.9495 0.6319 0.5810 0.4960 0.8494 0.6611   \n",
       "19 0.4616 0.4861 0.5474 0.5228 0.5804 0.4654 0.6457 0.4567 0.5524 0.4776   \n",
       "\n",
       "       10     11     12     13     14     15     16     17     18     19  \n",
       "0  0.7338 0.4598 0.8838 0.4691 0.6444 0.6846 0.8097 0.4975 0.7439 0.4616  \n",
       "1  0.5566 0.4644 0.6191 0.5664 0.3686 0.5895 0.6015 0.4855 0.5013 0.4861  \n",
       "2  0.7458 0.5719 0.7048 0.6969 0.5798 0.7504 0.8234 0.6228 0.6103 0.5474  \n",
       "3  0.6059 0.4927 0.6546 0.5093 0.5511 0.4358 0.6675 0.3677 0.5715 0.5228  \n",
       "4  0.9004 0.6188 1.0000 0.6535 0.8130 0.8608 0.9948 0.6168 0.9495 0.5804  \n",
       "5  0.4553 0.5201 0.7557 0.5420 0.4100 0.4530 0.4310 0.5482 0.6319 0.4654  \n",
       "6  0.4719 0.6227 0.7101 0.5788 0.5684 0.2854 0.4761 0.4902 0.5810 0.6457  \n",
       "7  0.4198 0.5403 0.5729 0.5796 0.3018 0.4007 0.5171 0.4641 0.4960 0.4567  \n",
       "8  0.6515 0.6737 0.9447 0.6922 0.7145 0.5232 0.7363 0.5412 0.8494 0.5524  \n",
       "9  0.7017 0.4389 0.7507 0.5693 0.6580 0.6833 0.8157 0.4156 0.6611 0.4776  \n",
       "10 0.0000 0.5858 0.5480 0.5822 0.3399 0.4118 0.3165 0.4538 0.4589 0.5802  \n",
       "11 0.5858 0.0000 0.6906 0.3930 0.4790 0.5722 0.6303 0.4065 0.5271 0.3828  \n",
       "12 0.5480 0.6906 0.0000 0.6559 0.4902 0.6734 0.5694 0.5602 0.3942 0.7946  \n",
       "13 0.5822 0.3930 0.6559 0.0000 0.5207 0.5794 0.6501 0.3620 0.4532 0.5114  \n",
       "14 0.3399 0.4790 0.4902 0.5207 0.0000 0.4580 0.3716 0.4535 0.4150 0.5003  \n",
       "15 0.4118 0.5722 0.6734 0.5794 0.4580 0.0000 0.4557 0.4655 0.5208 0.5406  \n",
       "16 0.3165 0.6303 0.5694 0.6501 0.3716 0.4557 0.0000 0.5861 0.5024 0.6858  \n",
       "17 0.4538 0.4065 0.5602 0.3620 0.4535 0.4655 0.5861 0.0000 0.4581 0.4639  \n",
       "18 0.4589 0.5271 0.3942 0.4532 0.4150 0.5208 0.5024 0.4581 0.0000 0.6525  \n",
       "19 0.5802 0.3828 0.7946 0.5114 0.5003 0.5406 0.6858 0.4639 0.6525 0.0000  "
      ]
     },
     "execution_count": 15,
     "metadata": {},
     "output_type": "execute_result"
    }
   ],
   "source": [
    "#display DistMat\n",
    "DistMat"
   ]
  },
  {
   "cell_type": "markdown",
   "id": "18da2757",
   "metadata": {},
   "source": [
    "### Check the list of 10 geometries you obtained from FPS and the matrix DistMat. Does the result make sense? (points: 4)"
   ]
  },
  {
   "cell_type": "code",
   "execution_count": null,
   "id": "7959bc5f",
   "metadata": {},
   "outputs": [],
   "source": []
  }
 ],
 "metadata": {
  "kernelspec": {
   "display_name": "Python 3 (ipykernel)",
   "language": "python",
   "name": "python3"
  },
  "language_info": {
   "codemirror_mode": {
    "name": "ipython",
    "version": 3
   },
   "file_extension": ".py",
   "mimetype": "text/x-python",
   "name": "python",
   "nbconvert_exporter": "python",
   "pygments_lexer": "ipython3",
   "version": "3.9.13"
  }
 },
 "nbformat": 4,
 "nbformat_minor": 5
}
